0	1	2	3	4	5	6	7	8	9	10	11	12	13	14	15	16	17	18	19	20	21	22	23	24	25	
1	1	1	1	1	1	1	1	1	1	1	1	1	1	2	2	2	2	2	2	2	2	2	2	2	2	
2	1	1	1	1	1	1	1	1	1	1	1	2	2	2	2	2	2	2	2	2	2	2	2	3	3	
3	1	1	1	1	1	1	1	1	1	1	1	2	2	2	2	2	2	2	2	2	2	2	3	3	3	
4	1	1	1	1	1	1	1	1	1	2	2	2	2	2	2	2	2	2	2	3	3	3	3	3	3	
5	1	1	1	1	1	1	1	1	1	2	2	2	2	2	2	2	2	2	3	3	3	3	3	3	3	
6	1	1	1	1	1	1	1	2	2	2	2	2	2	2	2	3	3	3	3	3	3	3	3	4	4	
7	1	1	1	1	1	1	1	2	2	2	2	2	2	2	3	3	3	3	3	3	3	4	4	4	4	
8	1	1	1	1	1	2	2	2	2	2	2	3	3	3	3	3	3	4	4	4	4	4	4	4	5	
9	1	1	1	1	1	2	2	2	2	2	3	3	3	3	3	4	4	4	4	4	4	4	4	5	5	
10	1	1	1	2	2	2	2	2	2	3	3	3	4	4	4	4	4	4	4	4	5	5	5	5	6	
11	1	1	1	2	2	2	2	2	3	3	3	4	4	4	4	4	4	4	4	5	5	5	6	6	6	
12	1	2	2	2	2	2	2	3	3	3	4	4	4	4	4	4	5	5	5	5	6	6	6	6	6	
13	1	2	2	2	2	2	2	3	3	4	4	4	4	4	4	5	5	5	6	6	6	6	6	7	7	
14	2	2	2	2	2	2	2	3	3	4	4	4	4	4	5	5	5	6	6	6	6	7	7	7	7	
15	2	2	2	2	2	2	3	3	3	4	4	4	4	5	5	5	6	6	6	6	7	7	7	7	7	
16	2	2	2	2	2	3	3	3	4	4	4	4	5	5	5	6	6	6	6	7	7	7	7	8	8	
17	2	2	2	2	2	3	3	3	4	4	4	5	5	5	6	6	6	7	7	7	7	7	7	8	8	
18	2	2	2	2	2	3	3	4	4	4	4	5	5	6	6	6	7	7	7	7	7	8	8	9	9	
19	2	2	2	2	3	3	3	4	4	4	4	5	6	6	6	6	7	7	7	7	7	8	9	9	9	
20	2	2	2	3	3	3	3	4	4	4	5	5	6	6	6	7	7	7	7	8	8	9	9	9	10	
21	2	2	2	3	3	3	3	4	4	5	5	6	6	6	7	7	7	7	7	8	9	9	9	10	10	
22	2	2	2	3	3	3	4	4	4	5	5	6	6	7	7	7	7	8	8	9	9	9	10	10	10	
23	2	2	3	3	3	3	4	4	4	5	6	6	6	7	7	7	7	8	9	9	9	10	10	10	10	
24	2	3	3	3	3	4	4	4	5	5	6	6	7	7	7	8	8	9	9	9	10	10	10	11	11	
25	2	3	3	3	3	4	4	5	5	6	6	6	7	7	7	8	8	9	9	10	10	10	10	11	12